File Start (0% fan speed)
717.7063017025553
764.5185859393785
Speed set to: 36.6%
504.0528454054397
455.3466399217893
518.1092927062012
544.6002919874228
561.1844301409333
572.4953616159667
579.8303210127335
584.7913526617566
587.5604584687369
589.3942689525145
590.6490644075362
591.9297786668495
592.5692394352517
593.0624343346698
593.0681647278802
593.0131392893184
593.0416262347359
593.5218792313215
594.1467856978472
594.587251277251
594.5983931902148
594.317954613268
594.1497812854628
594.1297900392291
594.2052371739944
594.0477574978939
594.1394594269467
594.5468082467817
594.9940942436145
594.7597737141305
