File Start (0% fan speed)
725.0193283459668
763.7079786089979
Speed set to: 75.0%
506.5166172109265
576.5904724174699
744.5853372605228
843.9884258419067
910.4560817750455
956.8651347410043
991.0463498098773
1016.4488909604466
1035.6472329090882
1049.8680516383326
1060.6555412558923
1068.9199547726043
1075.7977814436647
1080.6201730214984
1084.5155342929902
1087.555798005359
1090.2399082148063
1091.9025994538988
1093.0882004398347
1094.1148281321082
1094.7244674789656
1095.5680330458174
1095.8928719571031
1096.8034238295415
1097.2164489866404
1097.2970269736502
1097.498824946481
1097.4384792032401
1098.378425169737
Speed set to: 65.7%
1098.4421100081577
1083.3402003407866
1062.4937822442275
1046.4286768755308
1033.9815092240524
1023.6821433124478
1016.1186362685982
1009.5663998821108
1005.0157039146136
1000.3136649021168
996.5042251798532
993.9158965850444
992.1977118287898
990.6715156008302
989.7214956722821
989.2473295534259
988.9225545047078
988.3643458788792
988.0278495631321
988.2113245472419
987.8738431988007
987.1108867953371
986.3508190631104
986.2850091657708
986.2622197466477
985.5217870189983
986.4142323671188
985.4344904031875
985.2181312936322
984.4994903543202
984.3307698097806
983.7783251231515
984.4894837112524
984.745306423257
984.9421006390952
984.9844465785993
985.1387398827613
986.5376844274394
987.0619001135217
987.1111098021281
987.3231722458979
987.4736098639678
987.4492307284357
987.337877704052
987.6650280008938
988.0629152045315
988.7007828991879
989.1559812003761
988.7734366557321
988.2711581205533
987.66931342268
987.7201861557685
986.9025270485287
985.5621818345938
983.9688834783335
984.1765258077085
983.8404710891548
985.2105097643856
985.750111629538
986.475751091486
1188.6737699998068
988.6710339711801
989.6584948810303
990.5468752121009
991.4321118220263
991.9803847505373
991.7427270567371
992.0831149850117
993.0916853332313
993.5203845298507
994.2062574145006
994.5860496895696
996.1038523621064
995.8047278721733
995.2047485832402
